1.959836110472679138e-02
6.471180170774459839e-02
-3.850943595170974731e-02
2.194149233400821686e-02
-8.088618516921997070e-02
-3.656026721000671387e-02
-1.679179817438125610e-02
7.908786088228225708e-02
-2.113438397645950317e-02
5.177116952836513519e-03
2.466239407658576965e-02
-2.869725786149501801e-02
-3.667993843555450439e-02
1.260741502046585083e-01
-3.375439718365669250e-02
-8.398184552788734436e-03
-6.098968163132667542e-02
1.958129554986953735e-02
-1.002555266022682190e-01
-3.258565813302993774e-02
-1.344085205346345901e-02
7.353039924055337906e-03
-1.210225280374288559e-02
8.281310647726058960e-02
5.374003201723098755e-02
-3.092390671372413635e-02
1.613124087452888489e-02
2.510164864361286163e-02
3.391310200095176697e-02
-7.479623705148696899e-02
-6.004398688673973083e-02
-2.795599168166518211e-03
-2.115156687796115875e-02
-5.973129067569971085e-03
-3.334343805909156799e-02
-4.334692656993865967e-02
-5.750264041125774384e-03
1.836054399609565735e-02
3.782307356595993042e-02
-2.814366668462753296e-02
-5.566350370645523071e-02
-7.468768954277038574e-02
6.856493651866912842e-03
7.137648016214370728e-02
3.877250850200653076e-02
-9.580198675394058228e-04
9.211231023073196411e-03
6.361519545316696167e-02
5.225511640310287476e-02
-4.758670181035995483e-02
1.866105943918228149e-02
-2.587001584470272064e-02
-8.597319573163986206e-02
2.160784788429737091e-02
3.392397239804267883e-02
2.473998069763183594e-02
-6.135223433375358582e-03
5.695942416787147522e-02
-6.175215356051921844e-03
-3.469963371753692627e-02
-4.460288211703300476e-03
-1.172889582812786102e-02
2.231937088072299957e-02
-1.917844265699386597e-02
2.360029146075248718e-02
-5.083187296986579895e-02
3.185818344354629517e-02
-2.256688475608825684e-02
2.285888418555259705e-02
6.607643514871597290e-02
-5.920349434018135071e-02
2.671910263597965240e-02
6.229847297072410583e-02
-6.262201815843582153e-02
5.930135026574134827e-02
-1.612197011709213257e-01
5.895802378654479980e-02
1.185917034745216370e-01
4.221658408641815186e-02
-2.191733010113239288e-02
-2.553283469751477242e-03
-3.224078193306922913e-02
-7.593687623739242554e-02
-1.437604543752968311e-03
-5.965068191289901733e-02
3.322221338748931885e-02
2.572462521493434906e-02
1.185356229543685913e-01
1.397064328193664551e-02
4.195436090230941772e-02
3.292086720466613770e-02
-4.226182121783494949e-03
-2.984501980245113373e-02
-7.689573615789413452e-02
1.288806786760687828e-03
1.998971682041883469e-03
-1.718216575682163239e-02
-1.095678210258483887e-01
1.139276940375566483e-02
1.694120913743972778e-01
-5.931134894490242004e-02
-1.247997395694255829e-02
-4.932463169097900391e-02
1.446673087775707245e-02
-1.497050281614065170e-02
3.843564540147781372e-03
8.414419367909431458e-03
9.071724861860275269e-02
4.512324929237365723e-02
1.019763723015785217e-01
-4.348870739340782166e-02
4.212684929370880127e-03
5.105581879615783691e-02
6.497873365879058838e-02
5.309226922690868378e-03
-7.103976327925920486e-03
4.919230937957763672e-03
-1.296936273574829102e-01
-2.058670856058597565e-02
4.960123449563980103e-02
1.223954930901527405e-02
-1.529666688293218613e-02
-7.777110487222671509e-02
1.295642741024494171e-02
-8.404868841171264648e-02
-1.293790526688098907e-02
3.983822092413902283e-02
-3.309615364999689438e-33
-8.639290928840637207e-02
-1.081869304180145264e-01
2.248346433043479919e-02
1.653571799397468567e-02
1.942009851336479187e-02
-4.352709278464317322e-02
-1.209993474185466766e-02
2.629768569022417068e-04
-7.238232064992189407e-03
4.103971272706985474e-02
-2.261353842914104462e-02
7.654855400323867798e-02
-6.957365549169480801e-04
3.006635047495365143e-02
7.005512714385986328e-02
-3.585548605769872665e-03
7.091651111841201782e-02
2.955095283687114716e-02
-3.343474492430686951e-02
-5.206116940826177597e-03
-8.684347383677959442e-03
-7.905321568250656128e-02
-1.791716786101460457e-03
7.790108770132064819e-02
-7.149312645196914673e-02
2.685448527336120605e-02
3.321222960948944092e-02
2.458753064274787903e-02
2.160764671862125397e-02
-3.289702534675598145e-02
-3.436395153403282166e-02
-3.273548558354377747e-02
-1.004672609269618988e-02
3.647826611995697021e-02
3.351571038365364075e-02
1.312661170959472656e-02
1.911182329058647156e-02
-2.617879770696163177e-02
1.413441300392150879e-01
-4.952477291226387024e-03
-6.205774843692779541e-02
-5.271024256944656372e-02
7.150533795356750488e-02
-3.326912224292755127e-02
3.811214491724967957e-02
6.236924603581428528e-02
3.024314716458320618e-02
3.272736072540283203e-02
9.245254099369049072e-03
1.323117990978062153e-03
-5.829429253935813904e-02
2.093218080699443817e-02
-1.604902185499668121e-02
-2.845885418355464935e-02
3.628765046596527100e-02
1.740388944745063782e-02
-4.263658449053764343e-02
4.991514608263969421e-02
-7.856037467718124390e-02
3.373830392956733704e-02
7.437310181558132172e-03
1.571084745228290558e-02
4.591197893023490906e-02
-6.921898573637008667e-02
-5.912982299923896790e-02
-2.993096783757209778e-02
-1.116765588521957397e-01
-2.783817984163761139e-02
6.159865297377109528e-03
-6.975977867841720581e-02
-6.409288942813873291e-02
1.302025839686393738e-02
9.420393407344818115e-02
-3.415838256478309631e-02
1.922485791146755219e-02
1.510082744061946869e-03
-3.709507407620549202e-03
6.433177739381790161e-02
4.528368264436721802e-02
-3.152744472026824951e-02
-4.922042787075042725e-02
-2.740972116589546204e-02
-1.317503489553928375e-02
-3.255187347531318665e-02
2.485359832644462585e-02
-1.553458347916603088e-02
1.101582311093807220e-02
2.073567174375057220e-02
4.223253205418586731e-02
-1.056858152151107788e-02
-1.581348478794097900e-01
-2.573283575475215912e-02
-2.036515250802040100e-02
1.902430085465312004e-03
3.458315506577491760e-02
1.239081432033072939e-33
-6.345477700233459473e-02
8.604086935520172119e-02
-6.782920658588409424e-02
8.858359418809413910e-03
-1.750750280916690826e-02
8.311746269464492798e-02
6.053560064174234867e-04
-7.816101610660552979e-02
5.723910406231880188e-02
2.458040229976177216e-02
1.202499121427536011e-02
1.676777191460132599e-02
4.059350118041038513e-03
4.400578327476978302e-03
-4.951483570039272308e-03
-4.168101120740175247e-03
-4.441955313086509705e-02
-1.453844904899597168e-01
-6.964277476072311401e-02
4.317756369709968567e-02
-1.052754893898963928e-01
7.305014133453369141e-02
-2.181581594049930573e-02
-8.507614955306053162e-03
9.976921603083610535e-03
2.568882773630321026e-04
2.219489775598049164e-02
-4.427685961127281189e-02
-3.838780522346496582e-02
1.530132722109556198e-03
-1.102473679929971695e-02
1.915489323437213898e-02
1.976720243692398071e-02
-9.408801794052124023e-03
-1.449255924671888351e-02
-1.989059150218963623e-02
1.191316917538642883e-01
3.036389499902725220e-02
1.202144566923379898e-02
1.598773151636123657e-02
6.287977844476699829e-02
-2.612113580107688904e-02
1.156051084399223328e-01
-6.122491881251335144e-02
3.240385325625538826e-03
3.303693607449531555e-03
-3.971771895885467529e-02
5.790523439645767212e-02
-2.979514375329017639e-02
9.791972488164901733e-02
-3.589004278182983398e-02
-8.438824117183685303e-02
3.238700702786445618e-02
-8.555535227060317993e-02
-5.725318565964698792e-02
3.925617784261703491e-03
-2.887600474059581757e-02
-1.536051509901881218e-03
-1.866085082292556763e-02
8.449734002351760864e-02
2.021672576665878296e-02
3.877979516983032227e-02
1.189575158059597015e-02
2.642444334924221039e-02
-8.624949306249618530e-02
-3.480670973658561707e-03
-1.487285550683736801e-02
5.836114287376403809e-03
-1.323775947093963623e-02
1.479455363005399704e-02
7.792726904153823853e-02
1.435960978269577026e-01
-7.559906225651502609e-03
-5.392113700509071350e-03
1.703635090962052345e-03
-2.793833985924720764e-02
-4.633155837655067444e-02
1.594798453152179718e-02
5.522130057215690613e-02
1.201523584313690662e-03
5.843595415353775024e-02
3.492547944188117981e-02
2.378597110509872437e-02
5.449113436043262482e-03
-1.007145270705223083e-01
-3.482415899634361267e-02
8.110456168651580811e-03
7.074788957834243774e-02
-1.321982312947511673e-02
-9.611648321151733398e-02
-5.722564086318016052e-02
1.782417763024568558e-03
-4.600951820611953735e-02
-9.208675473928451538e-02
-1.367705967277288437e-02
-1.163558849270884821e-08
-1.015454456210136414e-01
-3.081764094531536102e-03
-1.073226109147071838e-01
1.031278166919946671e-02
-2.906153351068496704e-02
8.374052494764328003e-02
6.238264613784849644e-04
5.757273733615875244e-02
-3.832923539448529482e-04
2.181526459753513336e-02
3.243823722004890442e-02
-1.601008116267621517e-03
2.998128905892372131e-02
7.231669872999191284e-02
2.770418860018253326e-02
1.910522952675819397e-02
5.422723293304443359e-02
2.588435076177120209e-03
-4.269716516137123108e-02
-9.651663899421691895e-02
2.649583667516708374e-02
2.574464119970798492e-02
4.615187272429466248e-02
-2.803503535687923431e-02
7.000872492790222168e-02
3.530779853463172913e-02
-2.111698873341083527e-02
2.235216461122035980e-02
-2.903913892805576324e-02
-6.220490671694278717e-03
3.293670341372489929e-02
1.110245287418365479e-02
-1.382042467594146729e-02
-5.945370346307754517e-02
2.698143571615219116e-02
9.914092952385544777e-04
4.669836908578872681e-02
5.542239174246788025e-02
-3.462787251919507980e-03
9.194631129503250122e-02
-1.196234952658414841e-02
-6.310495734214782715e-02
5.255863443017005920e-02
8.215829730033874512e-03
4.535049945116043091e-02
-5.447953566908836365e-02
4.145669564604759216e-02
1.050806604325771332e-02
6.154322996735572815e-03
-3.339320793747901917e-02
2.982613816857337952e-02
1.335582733154296875e-01
-3.108523972332477570e-02
-4.550774116069078445e-03
5.253028869628906250e-02
-1.653614826500415802e-02
3.682709485292434692e-02
-2.494483999907970428e-02
-1.413152217864990234e-01
1.143862903118133545e-01
9.557807818055152893e-03
1.269292086362838745e-01
6.722052395343780518e-02
-4.269981011748313904e-02
